base_id
